{
 "cells": [
  {
   "cell_type": "markdown",
   "metadata": {},
   "source": [
    "# Assignment 1: Numpy"
   ]
  },
  {
   "cell_type": "markdown",
   "metadata": {},
   "source": [
    "Perform the follwing tasks:\n"
   ]
  },
  {
   "cell_type": "code",
   "execution_count": 3,
   "metadata": {},
   "outputs": [],
   "source": [
    "#3.1: import the numpy library\n",
    "import numpy as np"
   ]
  },
  {
   "cell_type": "code",
   "execution_count": 4,
   "metadata": {},
   "outputs": [
    {
     "data": {
      "text/plain": [
       "array([[-0.06736765,  1.55640919,  0.20909466, -0.73977693, -0.54905949,\n",
       "        -2.08563782,  1.01911105, -1.47279172,  1.27459076,  0.46139812],\n",
       "       [-1.09859541, -0.709155  , -0.00847697, -0.47907694,  1.00425387,\n",
       "         1.01107146, -0.50376683,  1.55020734,  0.80530167, -0.90044761],\n",
       "       [ 0.93477656, -0.58717959, -0.31026116,  1.03181059, -0.7041117 ,\n",
       "         1.06266309, -0.78925619, -0.3246525 ,  0.8153638 , -1.40554301],\n",
       "       [-0.36493589, -1.33866437,  0.07988358,  0.14961745,  0.85314333,\n",
       "         0.25398962,  0.83216677, -0.13707288, -0.20740284, -0.66296362],\n",
       "       [ 0.45170885,  0.7809587 ,  1.33235789,  1.11125332, -0.30122125,\n",
       "         1.34605779,  0.03753233, -0.47744693, -0.35023454,  1.44920191],\n",
       "       [-0.44684713, -0.63884154, -0.0953949 ,  0.3694629 ,  1.86298121,\n",
       "        -1.9025224 , -0.88857381,  0.38135832,  0.73040778,  0.7520958 ],\n",
       "       [ 0.73237028, -1.2133918 , -0.19217637,  0.21863973,  1.2322968 ,\n",
       "        -1.06599015, -1.07724776, -1.11210345,  1.07410951, -1.06648882],\n",
       "       [-0.29478191,  1.69919436, -0.52143947, -0.60030268,  0.83465127,\n",
       "        -0.18607206,  1.59782013,  1.13480524,  0.32032388, -0.1386909 ],\n",
       "       [ 0.73102303, -0.82937898,  0.66234566, -0.09869407, -0.94785763,\n",
       "        -0.98422736,  0.50557563, -0.13850003, -1.09869603,  0.31507635],\n",
       "       [ 1.29961893,  1.00899495,  1.1376136 ,  0.2487309 ,  0.37879264,\n",
       "        -0.38520635, -1.95075987,  1.10920158, -0.67158717, -0.52191186]])"
      ]
     },
     "execution_count": 4,
     "metadata": {},
     "output_type": "execute_result"
    }
   ],
   "source": [
    "#3.2: create a random 10x10 array named A (rowsxcolumns)\n",
    "A = np.random.randn(10,10)\n",
    "A"
   ]
  },
  {
   "cell_type": "code",
   "execution_count": 5,
   "metadata": {},
   "outputs": [
    {
     "data": {
      "text/plain": [
       "array([[-1.09859541, -0.709155  , -0.00847697, -0.47907694,  1.00425387,\n",
       "         1.01107146, -0.50376683,  1.55020734,  0.80530167, -0.90044761],\n",
       "       [-0.36493589, -1.33866437,  0.07988358,  0.14961745,  0.85314333,\n",
       "         0.25398962,  0.83216677, -0.13707288, -0.20740284, -0.66296362],\n",
       "       [-0.44684713, -0.63884154, -0.0953949 ,  0.3694629 ,  1.86298121,\n",
       "        -1.9025224 , -0.88857381,  0.38135832,  0.73040778,  0.7520958 ],\n",
       "       [-0.29478191,  1.69919436, -0.52143947, -0.60030268,  0.83465127,\n",
       "        -0.18607206,  1.59782013,  1.13480524,  0.32032388, -0.1386909 ],\n",
       "       [ 1.29961893,  1.00899495,  1.1376136 ,  0.2487309 ,  0.37879264,\n",
       "        -0.38520635, -1.95075987,  1.10920158, -0.67158717, -0.52191186]])"
      ]
     },
     "execution_count": 5,
     "metadata": {},
     "output_type": "execute_result"
    }
   ],
   "source": [
    "#3.3: return only the odd rows of Aodd\n",
    "odd_row_indices = [1,3,5,7,9]\n",
    "A[odd_row_indices]\n",
    "\n"
   ]
  },
  {
   "cell_type": "code",
   "execution_count": 6,
   "metadata": {},
   "outputs": [
    {
     "data": {
      "text/plain": [
       "array([-0.06736765,  1.55640919,  0.20909466, -0.73977693, -0.54905949,\n",
       "       -2.08563782,  1.01911105, -1.47279172,  1.27459076,  0.46139812])"
      ]
     },
     "execution_count": 6,
     "metadata": {},
     "output_type": "execute_result"
    }
   ],
   "source": [
    "shape_A = A.shape\n",
    "shape_A\n",
    "A[0]\n",
    "\n",
    "\n"
   ]
  },
  {
   "cell_type": "code",
   "execution_count": 7,
   "metadata": {},
   "outputs": [
    {
     "data": {
      "text/plain": [
       "array([[-1.09859541, -0.709155  , -0.00847697, -0.47907694,  1.00425387,\n",
       "         1.01107146, -0.50376683,  1.55020734,  0.80530167, -0.90044761],\n",
       "       [-0.36493589, -1.33866437,  0.07988358,  0.14961745,  0.85314333,\n",
       "         0.25398962,  0.83216677, -0.13707288, -0.20740284, -0.66296362],\n",
       "       [-0.44684713, -0.63884154, -0.0953949 ,  0.3694629 ,  1.86298121,\n",
       "        -1.9025224 , -0.88857381,  0.38135832,  0.73040778,  0.7520958 ],\n",
       "       [-0.29478191,  1.69919436, -0.52143947, -0.60030268,  0.83465127,\n",
       "        -0.18607206,  1.59782013,  1.13480524,  0.32032388, -0.1386909 ],\n",
       "       [ 1.29961893,  1.00899495,  1.1376136 ,  0.2487309 ,  0.37879264,\n",
       "        -0.38520635, -1.95075987,  1.10920158, -0.67158717, -0.52191186]])"
      ]
     },
     "execution_count": 7,
     "metadata": {},
     "output_type": "execute_result"
    }
   ],
   "source": [
    "#alternative\n",
    "row_indices_A = np.arange(0,shape_A[1],1)#get the indices of A\n",
    "mask_A = (row_indices_A % 2) > 0 #get a mask of the odd indices\n",
    "A[mask_A]"
   ]
  },
  {
   "cell_type": "code",
   "execution_count": 8,
   "metadata": {},
   "outputs": [
    {
     "data": {
      "text/plain": [
       "array([[12.7144625 , -5.52277363, -3.57023408, -2.67135553, -1.03674774,\n",
       "         1.4983925 ,  0.82390101,  3.23068061,  0.90878343, -2.58633026],\n",
       "       [-5.52277363,  8.08643109,  1.08164901,  2.18968889, -2.88130236,\n",
       "         1.66486359,  0.7565249 ,  1.39803077, -3.7581743 ,  0.35018344],\n",
       "       [-3.57023408,  1.08164901,  7.37320215,  0.39411557,  0.14230475,\n",
       "        -2.84931311,  3.26789571, -3.68971362, -1.2082552 ,  1.21554698],\n",
       "       [-2.67135553,  2.18968889,  0.39411557,  3.94015874, -1.64414048,\n",
       "         0.73027534,  1.89525146, -0.43411513,  0.28168215, -2.76166739],\n",
       "       [-1.03674774, -2.88130236,  0.14230475, -1.64414048,  8.17881934,\n",
       "        -2.92066555, -3.86716179, -1.46488474,  0.34250655,  1.41058975],\n",
       "       [ 1.4983925 ,  1.66486359, -2.84931311,  0.73027534, -2.92066555,\n",
       "         9.87782556,  5.38637578, -0.07424997, -0.8573763 ,  1.46993989],\n",
       "       [ 0.82390101,  0.7565249 ,  3.26789571,  1.89525146, -3.86716179,\n",
       "         5.38637578,  9.43665785, -3.57312437, -0.63273882,  1.14382704],\n",
       "       [ 3.23068061,  1.39803077, -3.68971362, -0.43411513, -1.46488474,\n",
       "        -0.07424997, -3.57312437,  8.30034049, -2.2638771 , -1.02427681],\n",
       "       [ 0.90878343, -3.7581743 , -1.2082552 ,  0.28168215,  0.34250655,\n",
       "        -0.8573763 , -0.63273882, -2.2638771 ,  5.1190391 ,  0.29579342],\n",
       "       [-2.58633026,  0.35018344,  1.21554698, -2.76166739,  1.41058975,\n",
       "         1.46993989,  1.14382704, -1.02427681,  0.29579342, 10.11419323]])"
      ]
     },
     "execution_count": 8,
     "metadata": {},
     "output_type": "execute_result"
    }
   ],
   "source": [
    "#3.4: perform a matrix multiplication of A with it's transposed\n",
    "np.dot(A,A.T)"
   ]
  },
  {
   "cell_type": "code",
   "execution_count": 9,
   "metadata": {},
   "outputs": [
    {
     "data": {
      "text/plain": [
       "array([[-4.15429539e-01,  1.45901133e-01, -9.00386077e-02,\n",
       "        -8.70224851e-01,  3.53604367e-01, -2.57122452e-01,\n",
       "         9.16394405e-01,  6.23770588e-01,  6.89014030e-01,\n",
       "        -2.82144260e-01],\n",
       "       [ 1.64915017e-01, -2.55218684e-01,  1.44335944e-02,\n",
       "         2.22970739e-01, -9.35739453e-02, -1.79979882e-02,\n",
       "        -2.69275152e-01, -1.83583643e-02, -4.41117372e-01,\n",
       "         2.67075132e-01],\n",
       "       [ 3.76712609e-01,  3.56962669e-01, -1.87536073e-02,\n",
       "         4.10272241e-01,  2.62098025e-01, -5.23905787e-02,\n",
       "        -1.10939699e-01, -1.80775763e-01,  1.61927547e-01,\n",
       "         2.71289881e-01],\n",
       "       [ 2.00304616e-01, -4.57897605e-01,  6.68068405e-01,\n",
       "         7.98149237e-01, -1.05466351e-01,  5.77875323e-01,\n",
       "        -8.47082080e-01, -1.83856992e-01, -3.73750741e-01,\n",
       "         2.48142663e-01],\n",
       "       [-1.80147383e-01, -7.59132109e-02, -3.00758929e-01,\n",
       "         1.04177952e-01,  1.42560356e-01, -5.11033186e-02,\n",
       "         3.85717312e-01,  2.03713810e-01, -1.67585694e-01,\n",
       "         2.80603537e-02],\n",
       "       [-2.27200544e-01,  1.64061624e-01, -1.70453900e-01,\n",
       "        -2.79298118e-01,  2.44665743e-01, -3.04569300e-01,\n",
       "         3.43667388e-01,  1.08523781e-01, -2.31639851e-02,\n",
       "        -1.74696857e-01],\n",
       "       [ 4.15143070e-02,  1.93574271e-02,  1.19067989e-01,\n",
       "         1.80946306e-01,  1.25321504e-01,  2.89520732e-05,\n",
       "         9.08316472e-03,  3.16113233e-01,  2.64503394e-01,\n",
       "        -1.42062571e-01],\n",
       "       [-1.07547109e-01,  2.80047533e-01,  2.31554597e-01,\n",
       "        -2.75650946e-01,  1.68885231e-02,  2.17944803e-01,\n",
       "        -1.38702421e-01,  2.72326832e-01,  4.08047786e-01,\n",
       "        -3.33231960e-02],\n",
       "       [ 1.15402250e-01,  4.82709624e-01,  2.23453000e-01,\n",
       "        -5.16268666e-01,  2.85359596e-01,  6.40960469e-02,\n",
       "         3.18848640e-01,  2.32496029e-01,  3.51241279e-01,\n",
       "        -2.93324496e-01],\n",
       "       [-2.94349100e-01,  1.55249878e-01, -2.51734843e-01,\n",
       "        -7.77325267e-01,  3.43812108e-01,  5.44550833e-02,\n",
       "         4.03105606e-01,  2.01913255e-01,  3.59823761e-01,\n",
       "        -4.05766932e-01]])"
      ]
     },
     "execution_count": 9,
     "metadata": {},
     "output_type": "execute_result"
    }
   ],
   "source": [
    "#3.5: compute the matrix inverse of A\n",
    "np.linalg.inv(A)\n"
   ]
  },
  {
   "cell_type": "code",
   "execution_count": 10,
   "metadata": {},
   "outputs": [],
   "source": [
    "#3.6: divide all entries of A which are lager than 0.5 by 2 (hint: use where() )"
   ]
  },
  {
   "cell_type": "code",
   "execution_count": 11,
   "metadata": {},
   "outputs": [
    {
     "data": {
      "text/plain": [
       "array([1.55640919, 1.01911105, 1.27459076, 1.00425387, 1.01107146,\n",
       "       1.55020734, 0.80530167, 0.93477656, 1.03181059, 1.06266309,\n",
       "       0.8153638 , 0.85314333, 0.83216677, 0.7809587 , 1.33235789,\n",
       "       1.11125332, 1.34605779, 1.44920191, 1.86298121, 0.73040778,\n",
       "       0.7520958 , 0.73237028, 1.2322968 , 1.07410951, 1.69919436,\n",
       "       0.83465127, 1.59782013, 1.13480524, 0.73102303, 0.66234566,\n",
       "       0.50557563, 1.29961893, 1.00899495, 1.1376136 , 1.10920158])"
      ]
     },
     "execution_count": 11,
     "metadata": {},
     "output_type": "execute_result"
    }
   ],
   "source": [
    "B=np.array(A) #create a copy of A to compare it later\n",
    "mask = A>0.5\n",
    "indices = np.where(mask)\n",
    "A[indices]"
   ]
  },
  {
   "cell_type": "code",
   "execution_count": 12,
   "metadata": {},
   "outputs": [
    {
     "data": {
      "text/plain": [
       "array([0.77820459, 0.50955552, 0.63729538, 0.50212693, 0.50553573,\n",
       "       0.77510367, 0.40265083, 0.46738828, 0.51590529, 0.53133155,\n",
       "       0.4076819 , 0.42657166, 0.41608339, 0.39047935, 0.66617894,\n",
       "       0.55562666, 0.67302889, 0.72460096, 0.93149061, 0.36520389,\n",
       "       0.3760479 , 0.36618514, 0.6161484 , 0.53705476, 0.84959718,\n",
       "       0.41732563, 0.79891007, 0.56740262, 0.36551152, 0.33117283,\n",
       "       0.25278782, 0.64980946, 0.50449747, 0.5688068 , 0.55460079])"
      ]
     },
     "execution_count": 12,
     "metadata": {},
     "output_type": "execute_result"
    }
   ],
   "source": [
    "A[indices]=A[indices]/2\n",
    "A[indices]"
   ]
  },
  {
   "cell_type": "code",
   "execution_count": 13,
   "metadata": {},
   "outputs": [
    {
     "data": {
      "text/plain": [
       "array([[-0.06736765,  0.77820459,  0.20909466, -0.73977693, -0.54905949,\n",
       "        -2.08563782,  0.50955552, -1.47279172,  0.63729538,  0.46139812],\n",
       "       [-1.09859541, -0.709155  , -0.00847697, -0.47907694,  0.50212693,\n",
       "         0.50553573, -0.50376683,  0.77510367,  0.40265083, -0.90044761],\n",
       "       [ 0.46738828, -0.58717959, -0.31026116,  0.51590529, -0.7041117 ,\n",
       "         0.53133155, -0.78925619, -0.3246525 ,  0.4076819 , -1.40554301],\n",
       "       [-0.36493589, -1.33866437,  0.07988358,  0.14961745,  0.42657166,\n",
       "         0.25398962,  0.41608339, -0.13707288, -0.20740284, -0.66296362],\n",
       "       [ 0.45170885,  0.39047935,  0.66617894,  0.55562666, -0.30122125,\n",
       "         0.67302889,  0.03753233, -0.47744693, -0.35023454,  0.72460096],\n",
       "       [-0.44684713, -0.63884154, -0.0953949 ,  0.3694629 ,  0.93149061,\n",
       "        -1.9025224 , -0.88857381,  0.38135832,  0.36520389,  0.3760479 ],\n",
       "       [ 0.36618514, -1.2133918 , -0.19217637,  0.21863973,  0.6161484 ,\n",
       "        -1.06599015, -1.07724776, -1.11210345,  0.53705476, -1.06648882],\n",
       "       [-0.29478191,  0.84959718, -0.52143947, -0.60030268,  0.41732563,\n",
       "        -0.18607206,  0.79891007,  0.56740262,  0.32032388, -0.1386909 ],\n",
       "       [ 0.36551152, -0.82937898,  0.33117283, -0.09869407, -0.94785763,\n",
       "        -0.98422736,  0.25278782, -0.13850003, -1.09869603,  0.31507635],\n",
       "       [ 0.64980946,  0.50449747,  0.5688068 ,  0.2487309 ,  0.37879264,\n",
       "        -0.38520635, -1.95075987,  0.55460079, -0.67158717, -0.52191186]])"
      ]
     },
     "execution_count": 13,
     "metadata": {},
     "output_type": "execute_result"
    }
   ],
   "source": [
    "A"
   ]
  },
  {
   "cell_type": "code",
   "execution_count": 14,
   "metadata": {},
   "outputs": [
    {
     "data": {
      "text/plain": [
       "array([[-0.06736765,  1.55640919,  0.20909466, -0.73977693, -0.54905949,\n",
       "        -2.08563782,  1.01911105, -1.47279172,  1.27459076,  0.46139812],\n",
       "       [-1.09859541, -0.709155  , -0.00847697, -0.47907694,  1.00425387,\n",
       "         1.01107146, -0.50376683,  1.55020734,  0.80530167, -0.90044761],\n",
       "       [ 0.93477656, -0.58717959, -0.31026116,  1.03181059, -0.7041117 ,\n",
       "         1.06266309, -0.78925619, -0.3246525 ,  0.8153638 , -1.40554301],\n",
       "       [-0.36493589, -1.33866437,  0.07988358,  0.14961745,  0.85314333,\n",
       "         0.25398962,  0.83216677, -0.13707288, -0.20740284, -0.66296362],\n",
       "       [ 0.45170885,  0.7809587 ,  1.33235789,  1.11125332, -0.30122125,\n",
       "         1.34605779,  0.03753233, -0.47744693, -0.35023454,  1.44920191],\n",
       "       [-0.44684713, -0.63884154, -0.0953949 ,  0.3694629 ,  1.86298121,\n",
       "        -1.9025224 , -0.88857381,  0.38135832,  0.73040778,  0.7520958 ],\n",
       "       [ 0.73237028, -1.2133918 , -0.19217637,  0.21863973,  1.2322968 ,\n",
       "        -1.06599015, -1.07724776, -1.11210345,  1.07410951, -1.06648882],\n",
       "       [-0.29478191,  1.69919436, -0.52143947, -0.60030268,  0.83465127,\n",
       "        -0.18607206,  1.59782013,  1.13480524,  0.32032388, -0.1386909 ],\n",
       "       [ 0.73102303, -0.82937898,  0.66234566, -0.09869407, -0.94785763,\n",
       "        -0.98422736,  0.50557563, -0.13850003, -1.09869603,  0.31507635],\n",
       "       [ 1.29961893,  1.00899495,  1.1376136 ,  0.2487309 ,  0.37879264,\n",
       "        -0.38520635, -1.95075987,  1.10920158, -0.67158717, -0.52191186]])"
      ]
     },
     "execution_count": 14,
     "metadata": {},
     "output_type": "execute_result"
    }
   ],
   "source": [
    "B"
   ]
  },
  {
   "cell_type": "code",
   "execution_count": null,
   "metadata": {},
   "outputs": [],
   "source": []
  },
  {
   "cell_type": "code",
   "execution_count": null,
   "metadata": {},
   "outputs": [],
   "source": []
  }
 ],
 "metadata": {
  "kernelspec": {
   "display_name": "Python 3",
   "language": "python",
   "name": "python3"
  },
  "language_info": {
   "codemirror_mode": {
    "name": "ipython",
    "version": 3
   },
   "file_extension": ".py",
   "mimetype": "text/x-python",
   "name": "python",
   "nbconvert_exporter": "python",
   "pygments_lexer": "ipython3",
   "version": "3.8.5"
  }
 },
 "nbformat": 4,
 "nbformat_minor": 4
}
