{
 "cells": [
  {
   "cell_type": "markdown",
   "metadata": {},
   "source": [
    "# Assignment 1: Numpy"
   ]
  },
  {
   "cell_type": "markdown",
   "metadata": {},
   "source": [
    "Perform the follwing tasks:\n"
   ]
  },
  {
   "cell_type": "code",
   "execution_count": 45,
   "metadata": {},
   "outputs": [],
   "source": [
    "#3.1: import the numpy library\n",
    "import numpy as np"
   ]
  },
  {
   "cell_type": "code",
   "execution_count": 46,
   "metadata": {},
   "outputs": [
    {
     "data": {
      "text/plain": [
       "array([[-1.769982  , -1.67877542,  0.59767299, -0.03920971,  0.16423393,\n",
       "         1.0508426 , -1.03261178, -0.55580762,  1.47034606,  0.29349302],\n",
       "       [ 1.09097872,  1.40575197, -0.46847898,  0.90290084, -0.52963811,\n",
       "        -0.60575066, -0.12185827, -0.31331235,  0.77118302,  1.46166876],\n",
       "       [-1.0274653 , -0.01542327, -0.72595233, -0.48459747,  1.05939452,\n",
       "        -0.03627075, -0.84448918,  0.34513475, -0.97601743,  0.03072474],\n",
       "       [ 0.27540621, -0.02653085,  0.15777723, -1.6043039 , -0.36252495,\n",
       "         0.53801569,  0.17213029,  0.38393636, -1.3751062 , -0.79970025],\n",
       "       [ 0.30970368, -0.18294179,  1.90419566, -0.67841761, -0.02113081,\n",
       "        -0.16854014,  1.41126393, -0.23285247,  0.65856842,  0.94204064],\n",
       "       [ 1.12641225, -0.40321787,  1.84354631, -0.19688139, -0.89665055,\n",
       "         1.15880905, -1.2761617 , -0.25035692, -0.14020895, -0.05716007],\n",
       "       [-0.19014317,  0.64002625,  0.54754654,  0.5357726 , -0.07279662,\n",
       "        -1.64666901, -0.7176646 , -0.70647214,  1.2058698 ,  0.78869149],\n",
       "       [-0.89315348, -0.36720459, -0.11157609, -0.63935302, -1.18481875,\n",
       "        -0.46548076, -0.70771509,  3.21151965, -1.84701118,  0.19563975],\n",
       "       [ 0.33122286, -0.85191329,  0.83936081,  0.1245382 ,  1.03023804,\n",
       "         0.6705212 ,  0.72338771,  0.64974445, -0.39197536, -1.55621095],\n",
       "       [ 2.68959213, -0.46568546, -0.67558327, -0.97851969, -1.43228406,\n",
       "        -1.18984694, -1.14056319, -0.06302418,  0.92465461, -0.63377174]])"
      ]
     },
     "execution_count": 46,
     "metadata": {},
     "output_type": "execute_result"
    }
   ],
   "source": [
    "#3.2: create a random 10x10 array named A (rowsxcolumns)\n",
    "A = np.random.randn(10,10)\n",
    "A"
   ]
  },
  {
   "cell_type": "code",
   "execution_count": 47,
   "metadata": {},
   "outputs": [
    {
     "data": {
      "text/plain": [
       "array([[ 1.09097872,  1.40575197, -0.46847898,  0.90290084, -0.52963811,\n",
       "        -0.60575066, -0.12185827, -0.31331235,  0.77118302,  1.46166876],\n",
       "       [ 0.27540621, -0.02653085,  0.15777723, -1.6043039 , -0.36252495,\n",
       "         0.53801569,  0.17213029,  0.38393636, -1.3751062 , -0.79970025],\n",
       "       [ 1.12641225, -0.40321787,  1.84354631, -0.19688139, -0.89665055,\n",
       "         1.15880905, -1.2761617 , -0.25035692, -0.14020895, -0.05716007],\n",
       "       [-0.89315348, -0.36720459, -0.11157609, -0.63935302, -1.18481875,\n",
       "        -0.46548076, -0.70771509,  3.21151965, -1.84701118,  0.19563975],\n",
       "       [ 2.68959213, -0.46568546, -0.67558327, -0.97851969, -1.43228406,\n",
       "        -1.18984694, -1.14056319, -0.06302418,  0.92465461, -0.63377174]])"
      ]
     },
     "execution_count": 47,
     "metadata": {},
     "output_type": "execute_result"
    }
   ],
   "source": [
    "#3.3: return only the odd rows of Aodd\n",
    "odd_row_indices = [1,3,5,7,9]\n",
    "A[odd_row_indices]\n",
    "\n"
   ]
  },
  {
   "cell_type": "code",
   "execution_count": 48,
   "metadata": {},
   "outputs": [
    {
     "data": {
      "text/plain": [
       "array([-1.769982  , -1.67877542,  0.59767299, -0.03920971,  0.16423393,\n",
       "        1.0508426 , -1.03261178, -0.55580762,  1.47034606,  0.29349302])"
      ]
     },
     "execution_count": 48,
     "metadata": {},
     "output_type": "execute_result"
    }
   ],
   "source": [
    "shape_A = A.shape\n",
    "shape_A\n",
    "A[0]\n",
    "\n",
    "\n"
   ]
  },
  {
   "cell_type": "code",
   "execution_count": 49,
   "metadata": {},
   "outputs": [
    {
     "data": {
      "text/plain": [
       "array([[ 1.09097872,  1.40575197, -0.46847898,  0.90290084, -0.52963811,\n",
       "        -0.60575066, -0.12185827, -0.31331235,  0.77118302,  1.46166876],\n",
       "       [ 0.27540621, -0.02653085,  0.15777723, -1.6043039 , -0.36252495,\n",
       "         0.53801569,  0.17213029,  0.38393636, -1.3751062 , -0.79970025],\n",
       "       [ 1.12641225, -0.40321787,  1.84354631, -0.19688139, -0.89665055,\n",
       "         1.15880905, -1.2761617 , -0.25035692, -0.14020895, -0.05716007],\n",
       "       [-0.89315348, -0.36720459, -0.11157609, -0.63935302, -1.18481875,\n",
       "        -0.46548076, -0.70771509,  3.21151965, -1.84701118,  0.19563975],\n",
       "       [ 2.68959213, -0.46568546, -0.67558327, -0.97851969, -1.43228406,\n",
       "        -1.18984694, -1.14056319, -0.06302418,  0.92465461, -0.63377174]])"
      ]
     },
     "execution_count": 49,
     "metadata": {},
     "output_type": "execute_result"
    }
   ],
   "source": [
    "#alternative\n",
    "row_indices_A = np.arange(0,shape_A[1],1)#get the indices of A\n",
    "mask_A = (row_indices_A % 2) > 0 #get a mask of the odd indices\n",
    "A[mask_A]"
   ]
  },
  {
   "cell_type": "code",
   "execution_count": 50,
   "metadata": {},
   "outputs": [
    {
     "data": {
      "text/plain": [
       "array([[11.06438143, -3.46701826,  0.81961486, -2.42761725,  0.65999481,\n",
       "         2.09720392,  0.96424321, -2.24055088,  0.07331699, -3.44338724],\n",
       "       [-3.46701826,  7.69273892, -2.49220448, -3.76379537,  0.4751844 ,\n",
       "        -0.5641337 ,  4.34709002, -3.16451188, -4.93749433,  3.1374295 ],\n",
       "       [ 0.81961486, -2.49220448,  4.72723065,  1.2814752 , -3.27124974,\n",
       "        -2.2595986 , -1.27951264,  3.5906592 ,  0.0183576 , -3.24635807],\n",
       "       [-2.42761725, -3.76379537,  1.2814752 ,  5.80359586, -0.10947307,\n",
       "         1.79888742, -4.38572989,  4.44554834,  2.19120912,  1.11022547],\n",
       "       [ 0.65999481,  0.4751844 , -3.27124974, -0.10947307,  7.61148704,\n",
       "         2.00141218,  1.47106751, -2.66332758,  0.78291011, -1.05667631],\n",
       "       [ 2.09720392, -0.5641337 , -2.2595986 ,  1.79888742,  2.00141218,\n",
       "         8.72982821, -0.53263681, -0.06793204,  1.15080779,  3.44790158],\n",
       "       [ 0.96424321,  4.34709002, -1.27951264, -4.38572989,  1.47106751,\n",
       "        -0.53263681,  6.83976731, -3.44999361, -3.93925538,  1.83814307],\n",
       "       [-2.24055088, -3.16451188,  3.5906592 ,  4.44554834, -2.66332758,\n",
       "        -0.06793204, -3.44999361, 17.238696  ,  0.3051979 , -0.50641839],\n",
       "       [ 0.07331699, -4.93749433,  0.0183576 ,  2.19120912,  0.78291011,\n",
       "         1.15080779, -3.93925538,  0.3051979 ,  6.58738509, -1.91693261],\n",
       "       [-3.44338724,  3.1374295 , -3.24635807,  1.11022547, -1.05667631,\n",
       "         3.44790158,  1.83814307, -0.50641839, -1.91693261, 14.89336486]])"
      ]
     },
     "execution_count": 50,
     "metadata": {},
     "output_type": "execute_result"
    }
   ],
   "source": [
    "#3.4: perform a matrix multiplication of A with it's transposed\n",
    "np.dot(A,A.T)"
   ]
  },
  {
   "cell_type": "code",
   "execution_count": 51,
   "metadata": {},
   "outputs": [
    {
     "data": {
      "text/plain": [
       "array([[-2.07329462e-01,  3.14347951e-02,  2.50590111e-01,\n",
       "        -3.54605200e-01,  1.78115208e-01,  1.68537937e-01,\n",
       "        -2.92927971e-01, -5.83411416e-02,  3.41349106e-02,\n",
       "         2.19271451e-01],\n",
       "       [ 4.95627423e-01,  1.22546683e+00, -2.85825406e-01,\n",
       "         1.43312038e+00, -4.10816472e-01, -2.99980705e-01,\n",
       "         6.77373808e-01,  7.43515735e-03,  7.28396502e-01,\n",
       "        -2.93264569e-01],\n",
       "       [-2.63509640e-02, -2.89596592e-02, -6.59335445e-02,\n",
       "         1.14745133e-01,  9.52497711e-02,  1.98265514e-01,\n",
       "         3.08700728e-01,  3.96154616e-02,  1.69215480e-01,\n",
       "        -1.22393366e-01],\n",
       "       [-4.02677063e-01, -5.27614026e-01, -1.49019585e-01,\n",
       "        -8.87295239e-01, -1.10909354e-01,  2.67874363e-01,\n",
       "        -1.91942938e-01,  2.08546596e-02, -2.52651784e-01,\n",
       "        -9.19973766e-02],\n",
       "       [ 8.33097097e-02,  3.69818907e-01,  6.00759862e-01,\n",
       "         4.04364324e-03,  1.68096948e-01, -6.37723270e-02,\n",
       "         1.23733042e-02, -9.43072145e-02,  4.48738085e-01,\n",
       "         5.55480708e-02],\n",
       "       [ 4.25340113e-01,  7.11508988e-01, -9.90819251e-02,\n",
       "         5.56734037e-01, -1.62209932e-01, -2.62580381e-02,\n",
       "        -1.73148552e-01, -3.36954336e-02,  3.27280724e-01,\n",
       "        -1.37617429e-01],\n",
       "       [-1.51322619e-01, -2.18511133e-01, -2.55738498e-01,\n",
       "        -1.46285933e-01,  1.89473657e-01, -1.80484494e-01,\n",
       "        -2.20509904e-01, -2.43312242e-02, -1.38182641e-01,\n",
       "        -4.65472650e-02],\n",
       "       [ 4.41031906e-01,  8.77845008e-01, -3.35579967e-02,\n",
       "         5.55329339e-01, -6.82499965e-02, -2.66959259e-01,\n",
       "         1.69795343e-01,  2.78377763e-01,  7.10769414e-01,\n",
       "         1.05122147e-03],\n",
       "       [ 7.84934765e-01,  1.09974933e+00, -2.81320855e-01,\n",
       "         9.90079652e-01, -1.82147035e-01, -4.53532230e-01,\n",
       "         4.18773756e-01,  4.06229986e-02,  7.82537529e-01,\n",
       "         1.92545467e-02],\n",
       "       [-2.07378099e-01, -1.82674384e-01,  4.55308927e-01,\n",
       "        -7.12085630e-01,  4.52150780e-01,  1.93809654e-01,\n",
       "        -4.85520947e-01,  2.42825307e-02, -4.89507681e-01,\n",
       "         8.52652064e-02]])"
      ]
     },
     "execution_count": 51,
     "metadata": {},
     "output_type": "execute_result"
    }
   ],
   "source": [
    "#3.5: compute the matrix inverse of A\n",
    "np.linalg.inv(A)\n"
   ]
  },
  {
   "cell_type": "code",
   "execution_count": 52,
   "metadata": {},
   "outputs": [],
   "source": [
    "#3.6: divide all entries of A which are lager than 0.5 by 2 (hint: use where() )"
   ]
  },
  {
   "cell_type": "code",
   "execution_count": 53,
   "metadata": {},
   "outputs": [
    {
     "data": {
      "text/plain": [
       "array([0.59767299, 1.0508426 , 1.47034606, 1.09097872, 1.40575197,\n",
       "       0.90290084, 0.77118302, 1.46166876, 1.05939452, 0.53801569,\n",
       "       1.90419566, 1.41126393, 0.65856842, 0.94204064, 1.12641225,\n",
       "       1.84354631, 1.15880905, 0.64002625, 0.54754654, 0.5357726 ,\n",
       "       1.2058698 , 0.78869149, 3.21151965, 0.83936081, 1.03023804,\n",
       "       0.6705212 , 0.72338771, 0.64974445, 2.68959213, 0.92465461])"
      ]
     },
     "execution_count": 53,
     "metadata": {},
     "output_type": "execute_result"
    }
   ],
   "source": [
    "B=np.array(A) #create a copy of A to compare it later\n",
    "mask = A>0.5\n",
    "indices = np.where(mask)\n",
    "A[indices]"
   ]
  },
  {
   "cell_type": "code",
   "execution_count": 54,
   "metadata": {},
   "outputs": [
    {
     "data": {
      "text/plain": [
       "array([0.29883649, 0.5254213 , 0.73517303, 0.54548936, 0.70287599,\n",
       "       0.45145042, 0.38559151, 0.73083438, 0.52969726, 0.26900784,\n",
       "       0.95209783, 0.70563197, 0.32928421, 0.47102032, 0.56320613,\n",
       "       0.92177316, 0.57940452, 0.32001312, 0.27377327, 0.2678863 ,\n",
       "       0.6029349 , 0.39434575, 1.60575982, 0.4196804 , 0.51511902,\n",
       "       0.3352606 , 0.36169386, 0.32487223, 1.34479606, 0.46232731])"
      ]
     },
     "execution_count": 54,
     "metadata": {},
     "output_type": "execute_result"
    }
   ],
   "source": [
    "A[indices]=A[indices]/2\n",
    "A[indices]"
   ]
  },
  {
   "cell_type": "code",
   "execution_count": 55,
   "metadata": {},
   "outputs": [
    {
     "data": {
      "text/plain": [
       "array([[-1.769982  , -1.67877542,  0.29883649, -0.03920971,  0.16423393,\n",
       "         0.5254213 , -1.03261178, -0.55580762,  0.73517303,  0.29349302],\n",
       "       [ 0.54548936,  0.70287599, -0.46847898,  0.45145042, -0.52963811,\n",
       "        -0.60575066, -0.12185827, -0.31331235,  0.38559151,  0.73083438],\n",
       "       [-1.0274653 , -0.01542327, -0.72595233, -0.48459747,  0.52969726,\n",
       "        -0.03627075, -0.84448918,  0.34513475, -0.97601743,  0.03072474],\n",
       "       [ 0.27540621, -0.02653085,  0.15777723, -1.6043039 , -0.36252495,\n",
       "         0.26900784,  0.17213029,  0.38393636, -1.3751062 , -0.79970025],\n",
       "       [ 0.30970368, -0.18294179,  0.95209783, -0.67841761, -0.02113081,\n",
       "        -0.16854014,  0.70563197, -0.23285247,  0.32928421,  0.47102032],\n",
       "       [ 0.56320613, -0.40321787,  0.92177316, -0.19688139, -0.89665055,\n",
       "         0.57940452, -1.2761617 , -0.25035692, -0.14020895, -0.05716007],\n",
       "       [-0.19014317,  0.32001312,  0.27377327,  0.2678863 , -0.07279662,\n",
       "        -1.64666901, -0.7176646 , -0.70647214,  0.6029349 ,  0.39434575],\n",
       "       [-0.89315348, -0.36720459, -0.11157609, -0.63935302, -1.18481875,\n",
       "        -0.46548076, -0.70771509,  1.60575982, -1.84701118,  0.19563975],\n",
       "       [ 0.33122286, -0.85191329,  0.4196804 ,  0.1245382 ,  0.51511902,\n",
       "         0.3352606 ,  0.36169386,  0.32487223, -0.39197536, -1.55621095],\n",
       "       [ 1.34479606, -0.46568546, -0.67558327, -0.97851969, -1.43228406,\n",
       "        -1.18984694, -1.14056319, -0.06302418,  0.46232731, -0.63377174]])"
      ]
     },
     "execution_count": 55,
     "metadata": {},
     "output_type": "execute_result"
    }
   ],
   "source": [
    "A"
   ]
  },
  {
   "cell_type": "code",
   "execution_count": 56,
   "metadata": {},
   "outputs": [
    {
     "data": {
      "text/plain": [
       "array([[-1.769982  , -1.67877542,  0.59767299, -0.03920971,  0.16423393,\n",
       "         1.0508426 , -1.03261178, -0.55580762,  1.47034606,  0.29349302],\n",
       "       [ 1.09097872,  1.40575197, -0.46847898,  0.90290084, -0.52963811,\n",
       "        -0.60575066, -0.12185827, -0.31331235,  0.77118302,  1.46166876],\n",
       "       [-1.0274653 , -0.01542327, -0.72595233, -0.48459747,  1.05939452,\n",
       "        -0.03627075, -0.84448918,  0.34513475, -0.97601743,  0.03072474],\n",
       "       [ 0.27540621, -0.02653085,  0.15777723, -1.6043039 , -0.36252495,\n",
       "         0.53801569,  0.17213029,  0.38393636, -1.3751062 , -0.79970025],\n",
       "       [ 0.30970368, -0.18294179,  1.90419566, -0.67841761, -0.02113081,\n",
       "        -0.16854014,  1.41126393, -0.23285247,  0.65856842,  0.94204064],\n",
       "       [ 1.12641225, -0.40321787,  1.84354631, -0.19688139, -0.89665055,\n",
       "         1.15880905, -1.2761617 , -0.25035692, -0.14020895, -0.05716007],\n",
       "       [-0.19014317,  0.64002625,  0.54754654,  0.5357726 , -0.07279662,\n",
       "        -1.64666901, -0.7176646 , -0.70647214,  1.2058698 ,  0.78869149],\n",
       "       [-0.89315348, -0.36720459, -0.11157609, -0.63935302, -1.18481875,\n",
       "        -0.46548076, -0.70771509,  3.21151965, -1.84701118,  0.19563975],\n",
       "       [ 0.33122286, -0.85191329,  0.83936081,  0.1245382 ,  1.03023804,\n",
       "         0.6705212 ,  0.72338771,  0.64974445, -0.39197536, -1.55621095],\n",
       "       [ 2.68959213, -0.46568546, -0.67558327, -0.97851969, -1.43228406,\n",
       "        -1.18984694, -1.14056319, -0.06302418,  0.92465461, -0.63377174]])"
      ]
     },
     "execution_count": 56,
     "metadata": {},
     "output_type": "execute_result"
    }
   ],
   "source": [
    "B"
   ]
  },
  {
   "cell_type": "code",
   "execution_count": null,
   "metadata": {},
   "outputs": [],
   "source": []
  },
  {
   "cell_type": "code",
   "execution_count": null,
   "metadata": {},
   "outputs": [],
   "source": []
  }
 ],
 "metadata": {
  "kernelspec": {
   "display_name": "Python 3",
   "language": "python",
   "name": "python3"
  },
  "language_info": {
   "codemirror_mode": {
    "name": "ipython",
    "version": 3
   },
   "file_extension": ".py",
   "mimetype": "text/x-python",
   "name": "python",
   "nbconvert_exporter": "python",
   "pygments_lexer": "ipython3",
   "version": "3.8.5"
  }
 },
 "nbformat": 4,
 "nbformat_minor": 4
}
